count,title
419,Senior Staff
388,Engineer
305,Staff
299,Senior Engineer
77,Technique Leader
61,Assistant Engineer
